470820
822061
759621
085634
492984
563798
986876
436164
911251
489148
796591
662176
693739
563320
048887
058188
279244
833336
335243
606820
064796
558606
286441
077446
591623
566866
054493
895910
667434
803205
187946
882370
070860
494806
382690
154223
700528
285202
537961
164768
658184
290118
667567
656363
834726
812576
009194
723956
832946
949697
809789
811230
033663
772887
327392
017302
287800
587284
974331
923562
248046
039477
168977
728483
860490
100022
242462
386006
971566
542458
753170
198648
720622
566305
318220
687092
459799
541557
366715
989869
871789
064855
369038
969079
696360
798994
098415
160646
079244
898139
203446
069174
737013
701157
870220
077297
107712
408658
339556
938351
169642
700124
192737
148237
792284
144307
612286
333028
338804
309653
528415
651310
022573
509094
510366
460032
986235
791027
853802
255232
834809
985127
628222
298123
815142
599307
963428
171114
664888
769128
642246
732552
231186
071176
993843
514480
725657
436118
383842
851249
008449
844693
748529
590959
850603
115225
510139
713022
353629
580736
528260
005741
584598
798128
163388
526372
691286
668976
781264
997814
684033
631763
843535
759184
912192
220888
105759
524766
087625
973791
227020
620574
969073
856822
981617
886015
547375
396768
044083
043764
882412
066042
459816
881838
817218
432538
386443
905768
613116
332074
852391
643369
714442
653834
926669
100960
558192
409804
607817
616382
872521
476643
239164
047127
094620
189505
737035
255896
127767
127569
245535
961779
946021
384422
936513
264702
452222
998708
567308
196751
339213
830402
689297
946961
228449
274214
730470
035293
476859
817286
878736
873238
788836
821063
755240
427116
535761
771372
433740
853734
404045
007001
552785
286981
049411
393518
682750
881689
833777
839152
915312
692518
266764
343167
314597
736560
741795
566336
059548
285342
042330
651921
026761
275750
171006
304862
127323
583098
431106
595775
660126
803719
547752
080309
867005
994391
630307
270919
845488
214937
603532
271976
385553
673202
119195
645126
217196
029480
119334
252710
058931
086644
575866
442666
741096
092452
268708
434893
911419
265563
789804
019360
364181
122308
151873
658820
262771
461252
436409
494264
237225
373358
887740
874473
304535
328872
835136
379852
727422
617690
216328
864601
603733
580134
086960
290592
748445
682642
012560
770563
587419
236440
435352
590645
515732
602519
416263
027808
454960
201913
486981
455369
357692
015488
324004
904339
982550
144164
617210
408981
247939
325639
293031
938686
048668
994475
953275
419652
107112
547474
656360
625068
213293
154515
556982
579270
289810
452190
060054
918228
122178
997505
123430
939905
946699
509978
695556
139563
961270
699020
181708
833204
722407
912883
843819
295252
992321
522549
523905
388061
350072
915664
136040
684877
250156
211487
821494
855328
009022
274076
447637
836753
100907
347328
993183
417926
512915
788745
654636
810561
559102
998726
606246
325854
394306
892424
759990
222286
963265
070956
857866
160983
203158
088911
812051
552098
667269
856255
585121
770065
609699
508034
040804
298082
753942
535362
943356
659395
558411
460535
754606
543815
514960
298343
058335
941814
179974
778545
674765
204455
323274
590915
960345
359248
232854
655916
202750
534255
154881
208742
588132
111729
373086
516557
099353
100993
007683
894085
394651
375356
658406
468781
090987
413139
149929
504921
922231
508891
083768
641126
580557
193338
184813
471215
341857
972601
476222
368561
846758
418571
873146
626712
802854
773450
320553
515564
766032
147945
093306
063131
879548
802152
194102
457779
384604
319344
751001
850518
975529
382625
193493
753062
284134
458082
141283
384714
857593
935851
603029
980804
110830
984396
552020
489113
536618
225628
199150
847222
929338
449952
737541
512692
032721
183024
389086
059378
273565
129651
656612
382313
305496
388652
987468
165895
214489
112734
930968
357388
407606
343683
779610
394517
223210
503483
139933
489959
344422
688703
068695
691780
238617
083945
639634
490429
883330
883307
288000
339950
057003
803919
469112
005294
323961
312568
156603
146660
542764
689641
454246
525982
855970
707215
242192
939081
301654
992216
883001
790365
806191
522175
509892
487733
175468
997116
377448
702207
197993
541553
921124
161311
464457
668010
427069
070621
610186
691712
573628
647911
629930
944551
597192
549679
697106
202620
035086
553090
130358
468305
263776
320105
866090
972228
374030
806821
862113
250942
449019
998040
443967
449124
894978
460662
499679
032288
946315
458666
857659
147366
183637
586974
277289
683753
371600
068679
794224
084907
869740
892320
665733
713236
001470
730868
259664
415488
766160
108486
800744
347240
935265
216360
842115
723212
718308
146264
794968
866814
019975
563153
103480
784939
994815
687231
192849
085098
723701
344339
668684
986591
253975
684787
652361
978109
052883
008450
657414
604313
477369
629772
436692
477627
877361
787261
377005
642689
675119
265520
911746
439851
393743
523180
314849
643362
147307
033087
203547
066588
270772
421572
518380
075063
646381
837984
351226
615922
785623
867250
317590
684613
739811
774167
599706
475610
708587
838471
312578
420929
110040
937192
200328
535014
152588
726933
056158
122071
833425
727715
886512
334373
717234
796423
691579
021730
215337
711299
954914
060532
678790
955248
417436
802558
577321
627883
110490
292288
110524
158454
842641
487692
246788
873709
249537
051388
919896
637716
262015
025966
994587
806231
092027
347626
395151
041890
688545
597778
038009
851794
569789
201702
976817
060915
888657
780718
070794
370861
646700
519773
130394
748138
819509
043641
431107
064772
140553
903142
277680
192645
870434
399139
884709
004467
620532
983481
012184
905913
665824
761565
126839
127749
586298
061066
441774
853247
338794
051828
454360
056577
219585
892671
192925
224953
146309
983341
156593
455357
568865
912997
426633
340667
883958
225063
585400
709826
391681
340980
462807
096617
387881
827607
892671
544190
392294
889040
831038
971808
371237
790368
681830
959062
992413
616959
319497
506306
990827
379530
411359
132736
380185
460945
213005
143978
652438
751411
558797
114771
737053
259542
875977
293463
258359
289833
524990
482614
043744
049229
184540
206074
079465
633698
129150
387401
024493
119468
169945
411736
543122
816350
466026
432103
052663
186670
821369
199784
705585
993220
591675
643422
905133
162340
734023
624705
010666
162437
281809
287534
088362
588282
602084
613032
610899
991334
350041
346675
499522
417646
406560
632501
205642
353024
788613
342700
583871
850766
785168
985907
228786
743433
730595
175223
861337
586173
252096
117942
289826
561728
330117
840496
601827
236294
844189
859646
522787
044575
281128
519090
444890
464206
979074
559721
373416
639651
724605
825042
271810
733095
385369
703507
682182
394526
485346
666781
721277
178558
943194
952260
301761
776294
438400
775244
222178
649389
517554
079152
241022
685033
027773
869696
190952
899151
269275
145662
234191
270555
845117
719166
638396
101548
334213
842957
155791
069186
727563
313729
831412
257480
844730
432764
378822
731201
459328
807428
